0
0
0.00292623
0.00292623
0.00570975
0.00570975
0.00835752
0.00835752
0.0108762
0.0108762
0.013272
0.013272
0.0155509
0.0155509
0.0177187
0.0177187
0.0197808
0.0197808
0.0217423
0.0506819
0
0
0
0
0
0
0
0
0
0
0
0
0
0
0
0
0
0
0
0
0
0
0
0
0.00292623
0.00292623
0.00570975
0.00570975
0.00835752
0.00835752
0.0108762
0.0108762
0.013272
0.013272
0.0155509
0.0155509
0.0177187
0.0177187
0.0197808
0.0197808
0.0217423
0.0506819
0
0
0
0
0.00292623
0.00292623
0.00570975
0.00570975
0.00835752
0.00835752
0.0108762
0.0108762
0.013272
0.013272
0.0155509
0.0155509
0.0177187
0.0177187
0.0197808
0.0197808
0.0217423
0.0506819
0
0
0
0
0.00292623
0.00292623
0.00570975
0.00570975
0.00835752
0.00835752
0.0108762
0.0108762
0.013272
0.013272
0.0155509
0.0155509
0.0177187
0.0177187
0.0197808
0.0197808
0.0217423
0.0506819
0
0
0
0
0.00292623
0.00292623
0.00570975
0.00570975
0.00835752
0.00835752
0.0108762
0.0108762
0.013272
0.013272
0.0155509
0.0155509
0.0177187
0.0177187
0.0197808
0.0197808
0.0217423
0.0506819
0
0
0
0
0.00292623
0.00292623
0.00570975
0.00570975
0.00835752
0.00835752
0.0108762
0.0108762
0.013272
0.013272
0.0155509
0.0155509
0.0177187
0.0177187
0.0197808
0.0197808
0.0217423
0.0506819
0
0
0
0
0.00292623
0.00292623
0.00570975
0.00570975
0.00835752
0.00835752
0.0108762
0.0108762
0.013272
0.013272
0.0155509
0.0155509
0.0177187
0.0177187
0.0197808
0.0197808
0.0217423
0.0506819
0
0
0
0
0.00292623
0.00292623
0.00570975
0.00570975
0.00835752
0.00835752
0.0108762
0.0108762
0.013272
0.013272
0.0155509
0.0155509
0.0177187
0.0177187
0.0197808
0.0197808
0.0217423
0.0506819
0
0
0
0
0.00292623
0.00292623
0.00570975
0.00570975
0.00835752
0.00835752
0.0108762
0.0108762
0.013272
0.013272
0.0155509
0.0155509
0.0177187
0.0177187
0.0197808
0.0197808
0.0217423
0.0506819
0
0
0
0
0.00292623
0.00292623
0.00570975
0.00570975
0.00835752
0.00835752
0.0108762
0.0108762
0.013272
0.013272
0.0155509
0.0155509
0.0177187
0.0177187
0.0197808
0.0197808
0.0217423
0.0506819
0
0
0
0
0.00292623
0.00292623
0.00570975
0.00570975
0.00835752
0.00835752
0.0108762
0.0108762
0.013272
0.013272
0.0155509
0.0155509
0.0177187
0.0177187
0.0197808
0.0197808
0.0217423
0.0506819
0
0
0
0
0.00292623
0.00292623
0.00570975
0.00570975
0.00835752
0.00835752
0.0108762
0.0108762
0.013272
0.013272
0.0155509
0.0155509
0.0177187
0.0177187
0.0197808
0.0197808
0.0217423
0.0506819
0
0
0
0
0.00292623
0.00292623
0.00570975
0.00570975
0.00835752
0.00835752
0.0108762
0.0108762
0.013272
0.013272
0.0155509
0.0155509
0.0177187
0.0177187
0.0197808
0.0197808
0.0217423
0.0506819
0
0
0
0
0.00292623
0.00292623
0.00570975
0.00570975
0.00835752
0.00835752
0.0108762
0.0108762
0.013272
0.013272
0.0155509
0.0155509
0.0177187
0.0177187
0.0197808
0.0197808
0.0217423
0.0506819
0
0
0
0
0.00292623
0.00292623
0.00570975
0.00570975
0.00835752
0.00835752
0.0108762
0.0108762
0.013272
0.013272
0.0155509
0.0155509
0.0177187
0.0177187
0.0197808
0.0197808
0.0217423
0.0506819
0
0
0
0
0.00292623
0.00292623
0.00570975
0.00570975
0.00835752
0.00835752
0.0108762
0.0108762
0.013272
0.013272
0.0155509
0.0155509
0.0177187
0.0177187
0.0197808
0.0197808
0.0217423
0.0506819
0
0
0
0
0.00292623
0.00292623
0.00570975
0.00570975
0.00835752
0.00835752
0.0108762
0.0108762
0.013272
0.013272
0.0155509
0.0155509
0.0177187
0.0177187
0.0197808
0.0197808
0.0217423
0.0506819
0
0
0
0
0.00292623
0.00292623
0.00570975
0.00570975
