0
0.000985166
0.00192228
0.0028137
0.00366164
0.00446822
0.00523547
0.0059653
0.00665954
0.00731991
0.00794808
0.00854561
0.009114
0.00965468
0.010169
0.0106582
0.0111236
0.0115662
0.0119873
0.0123878
0.0127688
0.0131313
0.013476
0.0138039
0.0141159
0.0144126
0.0146949
0.0149633
0.0152187
0.0154617
0.0156928
0.0159126
0.0161217
0.0163206
0.0165098
0.0166898
0.016861
0.0170238
0.0171787
0.0173261
0.0174662
0.0175996
0.0177264
0.017847
0.0179618
0.0180709
0.0181748
0.0182735
0.0183675
0.0184569
0.0185419
0.0186228
0.0186997
0.0187728
0.0188424
0.0189087
0.0189716
0.0190315
0.0190885
0.0191427
0.0191943
0.0192433
0.01929
0.0193344
0.0193766
0.0194168
0.019455
0.0194913
0.0195259
0.0195587
0.01959
0.0196198
0.0196481
0.019675
0.0197006
0.0197249
0.0197481
0.0197701
0.0197911
0.0198111
0.01983
0.0198481
0.0198652
0.0198816
0.0198971
0.0199119
0.0199259
0.0199393
0.019952
0.0199641
0.0199756
0.0199865
0.019997
0.0200069
0
0
0
0
0
0
0
0
0
0
0
0
0
0
0
0
0
0
0
0
0.000985166
0.00192228
0.0028137
0.00366164
0.00446822
0.00523547
0.0059653
0.00665954
0.00731991
0.00794808
0.00854561
0.009114
0.00965468
0.010169
0.0106582
0.0111236
0.0115662
0.0119873
0.0123878
0.0127688
0.0131313
0.013476
0.0138039
0.0141159
0.0144126
0.0146949
0.0149633
0.0152187
0.0154617
0.0156928
0.0159126
0.0161217
0.0163206
0.0165098
0.0166898
0.016861
0.0170238
0.0171787
0.0173261
0.0174662
0.0175996
0.0177264
0.017847
0.0179618
0.0180709
0.0181748
0.0182735
0.0183675
0.0184569
0.0185419
0.0186228
0.0186997
0.0187728
0.0188424
0.0189087
0.0189716
0.0190315
0.0190885
0.0191427
0.0191943
0.0192433
0.01929
0.0193344
0.0193766
0.0194168
0.019455
0.0194913
0.0195259
0.0195587
0.01959
0.0196198
0.0196481
0.019675
0.0197006
0.0197249
0.0197481
0.0197701
0.0197911
0.0198111
0.01983
0.0198481
0.0198652
0.0198816
0.0198971
0.0199119
0.0199259
0.0199393
0.019952
0.0199641
0.0199756
0.0199865
0.019997
0.0200069
0
0
0
0
0
0
0
0
0
0
0
0
0
0
0
0
0
0
0
0
0.000985166
0.00192228
0.0028137
0.00366164
0.00446822
0.00523547
0.0059653
0.00665954
0.00731991
0.00794808
0.00854561
0.009114
0.00965468
0.010169
0.0106582
0.0111236
0.0115662
0.0119873
0.0123878
0.0127688
0.0131313
0.013476
0.0138039
0.0141159
0.0144126
0.0146949
0.0149633
0.0152187
0.0154617
0.0156928
0.0159126
0.0161217
0.0163206
0.0165098
0.0166898
0.016861
0.0170238
0.0171787
0.0173261
0.0174662
0.0175996
0.0177264
0.017847
0.0179618
0.0180709
0.0181748
0.0182735
0.0183675
0.0184569
0.0185419
0.0186228
0.0186997
0.0187728
0.0188424
0.0189087
0.0189716
0.0190315
0.0190885
0.0191427
0.0191943
0.0192433
0.01929
0.0193344
0.0193766
0.0194168
0.019455
0.0194913
0.0195259
0.0195587
0.01959
0.0196198
0.0196481
0.019675
0.0197006
0.0197249
0.0197481
0.0197701
0.0197911
0.0198111
0.01983
0.0198481
0.0198652
0.0198816
0.0198971
0.0199119
0.0199259
0.0199393
0.019952
0.0199641
0.0199756
0.0199865
0.019997
0.0200069
0
0
0
0
0
0
0
0
0
0
0
0
0
0
0
0
0
0
0
0
0.000985166
0.00192228
0.0028137
0.00366164
0.00446822
0.00523547
0.0059653
0.00665954
0.00731991
0.00794808
0.00854561
0.009114
0.00965468
0.010169
0.0106582
0.0111236
0.0115662
0.0119873
0.0123878
0.0127688
0.0131313
0.013476
0.0138039
0.0141159
0.0144126
0.0146949
0.0149633
0.0152187
0.0154617
0.0156928
0.0159126
0.0161217
0.0163206
0.0165098
0.0166898
0.016861
0.0170238
0.0171787
0.0173261
0.0174662
0.0175996
0.0177264
0.017847
0.0179618
0.0180709
0.0181748
0.0182735
0.0183675
0.0184569
0.0185419
0.0186228
0.0186997
0.0187728
0.0188424
0.0189087
0.0189716
0.0190315
0.0190885
0.0191427
0.0191943
0.0192433
0.01929
0.0193344
0.0193766
0.0194168
0.019455
0.0194913
0.0195259
0.0195587
0.01959
0.0196198
0.0196481
0.019675
0.0197006
0.0197249
0.0197481
0.0197701
0.0197911
0.0198111
0.01983
0.0198481
0.0198652
0.0198816
0.0198971
0.0199119
0.0199259
0.0199393
0.019952
0.0199641
0.0199756
0.0199865
0.019997
0.0200069
0
0
0
0
0
0
0
0
0
0
0
0
0
0
0
0
0
0
0
0
0.000985166
0.00192228
0.0028137
0.00366164
0.00446822
0.00523547
0.0059653
0.00665954
0.00731991
0.00794808
0.00854561
0.009114
0.00965468
0.010169
0.0106582
0.0111236
0.0115662
0.0119873
0.0123878
0.0127688
0.0131313
0.013476
0.0138039
0.0141159
0.0144126
0.0146949
0.0149633
0.0152187
0.0154617
0.0156928
0.0159126
0.0161217
0.0163206
0.0165098
0.0166898
0.016861
0.0170238
0.0171787
0.0173261
0.0174662
0.0175996
0.0177264
0.017847
0.0179618
0.0180709
0.0181748
0.0182735
