0.000100748
0.000200993
0.000300739
0.000399987
0.00049874
0.000597
0.000694771
0.000792053
0.000888851
0.000985166
0.001081
0.00117636
0.00127124
0.00136564
0.00145958
0.00155305
0.00164605
0.00173859
0.00183067
0.00192228
0.00201344
0.00210415
0.0021944
0.00228421
0.00237356
0.00246247
0.00255094
0.00263896
0.00272655
0.0028137
0.00290041
0.0029867
0.00307255
0.00315797
0.00324297
0.00332754
0.00341169
0.00349543
0.00357874
0.00366164
0.00374412
0.0038262
0.00390786
0.00398912
0.00406997
0.00415042
0.00423047
0.00431012
0.00438937
0.00446822
0.00454669
0.00462476
0.00470244
0.00477973
0.00485664
0.00493317
0.00500931
0.00508508
0.00516046
0.00523547
0.00531011
0.00538437
0.00545826
0.00553179
0.00560495
0.00567774
0.00575017
0.00582224
0.00589395
0.0059653
0.0060363
0.00610694
0.00617723
0.00624717
0.00631676
0.006386
0.0064549
0.00652345
0.00659166
0.00665954
0.00672707
0.00679426
0.00686113
0.00692765
0.00699385
0.00705972
0.00712525
0.00719046
0.00725535
0.00731991
0.00738415
0.00744807
0.00751167
0.00757495
0.00763792
0.00770058
0.00776292
0.00782495
0.00788667
0.00794808
0.00800919
0.00806999
0.00813049
0.00819068
0.00825058
0.00831018
0.00836948
0.00842849
0.0084872
0.00854561
0.00860374
0.00866158
0.00871913
0.00877639
0.00883336
0.00889005
0.00894646
0.00900259
0.00905844
0.009114
0.0091693
0.00922431
0.00927905
0.00933352
0.00938772
0.00944165
0.0094953
0.00954869
0.00960182
0.00965468
0.00970727
0.0097596
0.00981167
0.00986349
0.00991504
0.00996634
0.0100174
0.0100682
0.0101187
0.010169
0.010219
0.0102688
0.0103183
0.0103676
0.0104166
0.0104654
0.010514
0.0105623
0.0106104
0.0106582
0.0107058
0.0107531
0.0108003
0.0108471
0.0108938
0.0109402
0.0109864
0.0110323
0.0110781
0.0111236
0.0111688
0.0112139
0.0112587
0.0113033
0.0113477
0.0113918
0.0114357
0.0114794
0.0115229
0.0115662
0.0116093
0.0116521
0.0116948
0.0117372
0.0117794
0.0118214
0.0118632
0.0119048
0.0119461
0.0119873
0.0120283
0.012069
0.0121096
0.0121499
0.0121901
0.01223
0.0122698
0.0123093
0.0123487
0.0123878
0.0124268
0.0124656
0.0125041
0.0125425
0.0125807
0.0126187
0.0126565
0.0126942
0.0127316
0.0127688
0.0128059
0.0128428
0.0128795
0.012916
0.0129523
0.0129885
0.0130244
0.0130602
0.0130958
0.0131313
0.0131665
0.0132016
0.0132365
0.0132712
0.0133058
0.0133402
0.0133744
0.0134084
0.0134423
0.013476
0.0135095
0.0135429
0.0135761
0.0136091
0.013642
0.0136747
0.0137073
0.0137397
0.0137719
0.0138039
0.0138358
0.0138676
0.0138992
0.0139306
0.0139619
0.013993
0.0140239
0.0140547
0.0140854
0.0141159
0.0141462
0.0141764
0.0142065
0.0142364
0.0142661
0.0142957
0.0143251
0.0143544
0.0143836
0.0144126
0.0144415
0.0144702
0.0144988
0.0145272
0.0145555
0.0145836
0.0146117
0.0146395
0.0146673
0.0146949
0.0147223
0.0147496
0.0147768
0.0148039
0.0148308
0.0148576
0.0148842
0.0149107
0.0149371
0.0149633
0.0149895
0.0150155
0.0150413
0.015067
0.0150926
0.0151181
0.0151435
0.0151687
0.0151938
0.0152187
0.0152436
0.0152683
0.0152929
0.0153174
0.0153417
0.015366
0.0153901
0.0154141
0.0154379
0.0154617
0.0154853
0.0155088
0.0155322
0.0155555
0.0155787
0.0156017
0.0156247
0.0156475
0.0156702
0.0156928
0.0157153
0.0157376
0.0157599
0.015782
0.0158041
0.015826
0.0158478
0.0158695
0.0158911
0.0159126
0.015934
0.0159553
0.0159764
0.0159975
0.0160184
0.0160393
0.0160601
0.0160807
0.0161012
0.0161217
0.016142
0.0161623
0.0161824
0.0162024
0.0162224
0.0162422
0.016262
0.0162816
0.0163011
0.0163206
0.0163399
0.0163592
0.0163783
0.0163974
0.0164164
0.0164352
0.016454
0.0164727
0.0164913
0.0165098
0.0165282
0.0165465
0.0165647
0.0165829
0.0166009
0.0166189
0.0166367
0.0166545
0.0166722
0.0166898
0.0167073
0.0167247
0.016742
0.0167593
0.0167764
0.0167935
0.0168105
0.0168274
0.0168442
0.016861
0.0168776
0.0168942
0.0169107
0.0169271
0.0169434
0.0169596
0.0169758
0.0169919
0.0170079
0.0170238
0.0170397
0.0170554
0.0170711
0.0170867
0.0171022
0.0171177
0.0171331
0.0171483
0.0171636
0.0171787
0.0171938
0.0172088
0.0172237
0.0172385
0.0172533
0.017268
0.0172826
0.0172972
0.0173117
0.0173261
0.0173404
0.0173547
0.0173689
0.017383
0.017397
0.017411
0.0174249
0.0174388
0.0174525
0.0174662
0.0174799
0.0174934
0.0175069
0.0175204
0.0175337
0.017547
0.0175603
0.0175734
0.0175865
0.0175996
0.0176125
0.0176254
0.0176383
0.017651
0.0176638
0.0176764
0.017689
0.0177015
0.017714
0.0177264
0.0177387
0.017751
0.0177632
0.0177754
0.0177875
0.0177995
0.0178115
0.0178234
0.0178352
0.017847
0.0178588
0.0178704
0.0178821
0.0178936
0.0179051
0.0179166
0.0179279
0.0179393
0.0179506
0.0179618
0.0179729
0.017984
0.0179951
0.0180061
0.018017
0.0180279
0.0180388
0.0180495
0.0180603
0.0180709
0.0180816
0.0180921
0.0181026
0.0181131
0.0181235
0.0181339
0.0181442
0.0181544
0.0181646
0.0181748
0.0181849
0.0181949
0.0182049
0.0182149
0.0182248
0.0182346
0.0182444
0.0182542
0.0182639
0.0182735
0.0182832
0.0182927
0.0183022
0.0183117
0.0183211
0.0183305
0.0183398
0.0183491
0.0183583
0.0183675
0.0183766
0.0183857
0.0183948
0.0184038
0.0184127
0.0184217
0.0184305
0.0184394
0.0184481
0.0184569
0.0184656
0.0184742
0.0184828
0.0184914
0.0184999
0.0185084
0.0185168
0.0185252
0.0185336
0.0185419
0.0185502
0.0185584
0.0185666
0.0185747
0.0185828
0.0185909
0.0185989
0.0186069
0.0186148
0.0186228
0.0186306
0.0186384
0.0186462
0.018654
0.0186617
0.0186694
0.018677
0.0186846
0.0186922
0.0186997
0.0187072
0.0187146
0.018722
0.0187294
0.0187367
0.018744
0.0187513
0.0187585
0.0187657
0.0187728
0.01878
0.018787
0.0187941
0.0188011
0.0188081
0.018815
0.0188219
0.0188288
0.0188356
0.0188424
0.0188492
0.018856
0.0188627
0.0188693
0.018876
0.0188826
0.0188891
0.0188957
0.0189022
0.0189087
0.0189151
0.0189215
0.0189279
0.0189342
0.0189405
0.0189468
0.0189531
0.0189593
0.0189655
0.0189716
0.0189778
0.0189839
0.0189899
0.018996
0.019002
0.0190079
0.0190139
0.0190198
0.0190257
0.0190315
0.0190374
0.0190432
0.0190489
0.0190547
0.0190604
0.0190661
0.0190717
0.0190774
0.019083
0.0190885
0.0190941
0.0190996
0.0191051
0.0191105
0.019116
0.0191214
0.0191268
0.0191321
0.0191374
0.0191427
0.019148
0.0191533
0.0191585
0.0191637
0.0191688
0.019174
0.0191791
0.0191842
0.0191893
0.0191943
0.0191993
0.0192043
0.0192093
0.0192142
0.0192191
0.019224
0.0192289
0.0192337
0.0192386
0.0192433
0.0192481
0.0192529
0.0192576
0.0192623
0.019267
0.0192716
0.0192763
0.0192809
0.0192854
0.01929
0.0192945
0.0192991
0.0193036
0.019308
0.0193125
0.0193169
0.0193213
0.0193257
0.01933
0.0193344
0.0193387
0.019343
0.0193473
0.0193515
0.0193558
0.01936
0.0193642
0.0193683
0.0193725
0.0193766
0.0193807
0.0193848
0.0193889
0.0193929
0.0193969
0.0194009
0.0194049
0.0194089
0.0194128
0.0194168
0.0194207
0.0194246
0.0194284
0.0194323
0.0194361
0.0194399
0.0194437
0.0194475
0.0194512
0.019455
0.0194587
0.0194624
0.0194661
0.0194697
0.0194734
0.019477
0.0194806
0.0194842
0.0194877
0.0194913
0.0194948
0.0194983
0.0195018
0.0195053
0.0195088
0.0195122
0.0195157
0.0195191
0.0195225
0.0195259
0.0195292
0.0195326
0.0195359
0.0195392
0.0195425
0.0195458
0.019549
0.0195523
0.0195555
0.0195587
0.0195619
0.0195651
0.0195683
0.0195714
0.0195746
0.0195777
0.0195808
0.0195839
0.019587
0.01959
0.0195931
0.0195961
0.0195991
0.0196021
0.0196051
0.019608
0.019611
0.0196139
0.0196169
0.0196198
0.0196227
0.0196255
0.0196284
0.0196313
0.0196341
0.0196369
0.0196397
0.0196425
0.0196453
0.0196481
0.0196508
0.0196536
0.0196563
0.019659
0.0196617
0.0196644
0.019667
0.0196697
0.0196723
0.019675
0.0196776
0.0196802
0.0196828
0.0196854
0.0196879
0.0196905
0.019693
0.0196956
0.0196981
0.0197006
0.0197031
0.0197056
0.019708
0.0197105
0.0197129
0.0197153
0.0197178
0.0197202
0.0197226
0.0197249
0.0197273
0.0197297
0.019732
0.0197343
0.0197367
0.019739
0.0197413
0.0197436
0.0197458
0.0197481
0.0197504
0.0197526
0.0197548
0.0197571
0.0197593
0.0197615
0.0197637
0.0197658
0.019768
0.0197701
0.0197723
0.0197744
0.0197765
0.0197787
0.0197808
0.0197829
0.0197849
0.019787
0.0197891
0.0197911
0.0197932
0.0197952
0.0197972
0.0197992
0.0198012
0.0198032
0.0198052
0.0198071
0.0198091
0.0198111
0.019813
0.0198149
0.0198168
0.0198188
0.0198207
0.0198226
0.0198244
0.0198263
0.0198282
0.01983
0.0198319
0.0198337
0.0198355
0.0198374
0.0198392
0.019841
0.0198427
0.0198445
0.0198463
0.0198481
0.0198498
0.0198516
0.0198533
0.019855
0.0198568
0.0198585
0.0198602
0.0198619
0.0198636
0.0198652
0.0198669
0.0198686
0.0198702
0.0198719
0.0198735
0.0198751
0.0198767
0.0198784
0.01988
0.0198816
0.0198831
0.0198847
0.0198863
0.0198879
0.0198894
0.019891
0.0198925
0.019894
0.0198956
0.0198971
0.0198986
0.0199001
0.0199016
0.0199031
0.0199046
0.019906
0.0199075
0.019909
0.0199104
0.0199119
0.0199133
0.0199147
0.0199162
0.0199176
0.019919
0.0199204
0.0199218
0.0199232
0.0199245
0.0199259
0.0199273
0.0199286
0.01993
0.0199313
0.0199327
0.019934
0.0199353
0.0199367
0.019938
0.0199393
0.0199406
0.0199419
0.0199432
0.0199444
0.0199457
0.019947
0.0199482
0.0199495
0.0199508
0.019952
0.0199532
0.0199545
0.0199557
0.0199569
0.0199581
0.0199593
0.0199605
0.0199617
0.0199629
0.0199641
0.0199653
0.0199664
0.0199676
0.0199688
0.0199699
0.0199711
0.0199722
0.0199733
0.0199745
0.0199756
0.0199767
0.0199778
0.0199789
0.01998
0.0199811
0.0199822
0.0199833
0.0199844
0.0199855
0.0199865
0.0199876
0.0199887
0.0199897
0.0199908
0.0199918
0.0199929
0.0199939
0.0199949
0.0199959
0.019997
0.019998
0.019999
0.02
0.020001
0
0
0.000100748
0.000200993
0.000300739
0.000399987
0.00049874
0.000597
0.000694771
0.000792053
0.000888851
0.000985166
0.001081
0.00117636
0.00127124
0.00136564
0.00145958
0.00155305
0.00164605
0.00173859
0.00183067
0.00192228
0.00201344
0.00210415
0.0021944
0.00228421
0.00237356
0.00246247
0.00255094
0.00263896
0.00272655
0.0028137
0.00290041
0.0029867
0.00307255
0.00315797
0.00324297
0.00332754
0.00341169
0.00349543
0.00357874
0.00366164
0.00374412
0.0038262
0.00390786
0.00398912
0.00406997
0.00415042
0.00423047
0.00431012
0.00438937
0.00446822
0.00454669
0.00462476
0.00470244
0.00477973
0.00485664
0.00493317
0.00500931
0.00508508
0.00516046
0.00523547
0.00531011
0.00538437
0.00545826
0.00553179
0.00560495
0.00567774
0.00575017
0.00582224
0.00589395
0.0059653
0.0060363
0.00610694
0.00617723
0.00624717
0.00631676
0.006386
0.0064549
0.00652345
0.00659166
0.00665954
0.00672707
0.00679426
0.00686113
0.00692765
0.00699385
0.00705972
0.00712525
0.00719046
0.00725535
0.00731991
0.00738415
0.00744807
0.00751167
0.00757495
0.00763792
0.00770058
0.00776292
0.00782495
0.00788667
0.00794808
0.00800919
0.00806999
0.00813049
0.00819068
0.00825058
0.00831018
0.00836948
0.00842849
0.0084872
0.00854561
0.00860374
0.00866158
0.00871913
0.00877639
0.00883336
0.00889005
0.00894646
0.00900259
0.00905844
0.009114
0.0091693
0.00922431
0.00927905
0.00933352
0.00938772
0.00944165
0.0094953
0.00954869
0.00960182
0.00965468
0.00970727
0.0097596
0.00981167
0.00986349
0.00991504
0.00996634
0.0100174
0.0100682
0.0101187
0.010169
0.010219
0.0102688
0.0103183
0.0103676
0.0104166
0.0104654
0.010514
0.0105623
0.0106104
0.0106582
0.0107058
0.0107531
0.0108003
0.0108471
0.0108938
0.0109402
0.0109864
0.0110323
0.0110781
0.0111236
0.0111688
0.0112139
0.0112587
0.0113033
0.0113477
0.0113918
0.0114357
0.0114794
0.0115229
0.0115662
0.0116093
0.0116521
0.0116948
0.0117372
0.0117794
0.0118214
0.0118632
0.0119048
0.0119461
0.0119873
0.0120283
0.012069
0.0121096
0.0121499
0.0121901
0.01223
0.0122698
0.0123093
0.0123487
0.0123878
0.0124268
0.0124656
0.0125041
0.0125425
0.0125807
0.0126187
0.0126565
0.0126942
0.0127316
0.0127688
0.0128059
0.0128428
0.0128795
0.012916
0.0129523
0.0129885
0.0130244
0.0130602
0.0130958
0.0131313
0.0131665
0.0132016
0.0132365
0.0132712
0.0133058
0.0133402
0.0133744
0.0134084
0.0134423
0.013476
0.0135095
0.0135429
0.0135761
0.0136091
0.013642
0.0136747
0.0137073
0.0137397
0.0137719
0.0138039
0.0138358
0.0138676
0.0138992
0.0139306
0.0139619
0.013993
0.0140239
0.0140547
0.0140854
0.0141159
0.0141462
0.0141764
0.0142065
0.0142364
0.0142661
0.0142957
0.0143251
0.0143544
0.0143836
0.0144126
0.0144415
0.0144702
0.0144988
0.0145272
0.0145555
0.0145836
0.0146117
0.0146395
0.0146673
0.0146949
0.0147223
0.0147496
0.0147768
0.0148039
0.0148308
0.0148576
0.0148842
0.0149107
0.0149371
0.0149633
0.0149895
0.0150155
0.0150413
0.015067
0.0150926
0.0151181
0.0151435
0.0151687
0.0151938
0.0152187
0.0152436
0.0152683
0.0152929
0.0153174
0.0153417
0.015366
0.0153901
0.0154141
0.0154379
0.0154617
0.0154853
0.0155088
0.0155322
0.0155555
0.0155787
0.0156017
0.0156247
0.0156475
0.0156702
0.0156928
0.0157153
0.0157376
0.0157599
0.015782
0.0158041
0.015826
0.0158478
0.0158695
0.0158911
0.0159126
0.015934
0.0159553
0.0159764
0.0159975
0.0160184
0.0160393
0.0160601
0.0160807
0.0161012
0.0161217
0.016142
0.0161623
0.0161824
0.0162024
0.0162224
0.0162422
0.016262
0.0162816
0.0163011
0.0163206
0.0163399
0.0163592
0.0163783
0.0163974
0.0164164
0.0164352
0.016454
0.0164727
0.0164913
0.0165098
0.0165282
0.0165465
0.0165647
0.0165829
0.0166009
0.0166189
0.0166367
0.0166545
0.0166722
0.0166898
0.0167073
0.0167247
0.016742
0.0167593
0.0167764
0.0167935
0.0168105
0.0168274
0.0168442
0.016861
0.0168776
0.0168942
0.0169107
0.0169271
0.0169434
0.0169596
0.0169758
0.0169919
0.0170079
0.0170238
0.0170397
0.0170554
0.0170711
0.0170867
0.0171022
0.0171177
0.0171331
0.0171483
0.0171636
0.0171787
0.0171938
0.0172088
0.0172237
0.0172385
0.0172533
0.017268
0.0172826
0.0172972
0.0173117
0.0173261
0.0173404
0.0173547
0.0173689
0.017383
0.017397
0.017411
0.0174249
0.0174388
0.0174525
0.0174662
0.0174799
0.0174934
0.0175069
0.0175204
0.0175337
0.017547
0.0175603
0.0175734
0.0175865
0.0175996
0.0176125
0.0176254
0.0176383
0.017651
0.0176638
0.0176764
0.017689
0.0177015
0.017714
0.0177264
0.0177387
0.017751
0.0177632
0.0177754
0.0177875
0.0177995
0.0178115
0.0178234
0.0178352
0.017847
0.0178588
0.0178704
0.0178821
0.0178936
0.0179051
0.0179166
0.0179279
0.0179393
0.0179506
0.0179618
0.0179729
0.017984
0.0179951
0.0180061
0.018017
0.0180279
0.0180388
0.0180495
0.0180603
0.0180709
0.0180816
0.0180921
0.0181026
0.0181131
0.0181235
0.0181339
0.0181442
0.0181544
0.0181646
0.0181748
0.0181849
0.0181949
0.0182049
0.0182149
0.0182248
0.0182346
0.0182444
0.0182542
0.0182639
0.0182735
0.0182832
0.0182927
0.0183022
0.0183117
0.0183211
0.0183305
0.0183398
0.0183491
0.0183583
0.0183675
0.0183766
0.0183857
0.0183948
0.0184038
0.0184127
0.0184217
0.0184305
0.0184394
0.0184481
0.0184569
0.0184656
0.0184742
0.0184828
0.0184914
0.0184999
0.0185084
0.0185168
0.0185252
0.0185336
0.0185419
0.0185502
0.0185584
0.0185666
0.0185747
0.0185828
0.0185909
0.0185989
0.0186069
0.0186148
0.0186228
0.0186306
0.0186384
0.0186462
0.018654
0.0186617
0.0186694
0.018677
0.0186846
0.0186922
0.0186997
0.0187072
0.0187146
0.018722
0.0187294
0.0187367
0.018744
0.0187513
0.0187585
0.0187657
0.0187728
0.01878
0.018787
0.0187941
0.0188011
0.0188081
0.018815
0.0188219
0.0188288
0.0188356
0.0188424
0.0188492
0.018856
0.0188627
0.0188693
0.018876
0.0188826
0.0188891
0.0188957
0.0189022
0.0189087
0.0189151
0.0189215
0.0189279
0.0189342
0.0189405
0.0189468
0.0189531
0.0189593
0.0189655
0.0189716
0.0189778
0.0189839
0.0189899
0.018996
0.019002
0.0190079
0.0190139
0.0190198
0.0190257
0.0190315
0.0190374
0.0190432
0.0190489
0.0190547
0.0190604
0.0190661
0.0190717
0.0190774
0.019083
0.0190885
0.0190941
0.0190996
0.0191051
0.0191105
0.019116
0.0191214
0.0191268
0.0191321
0.0191374
0.0191427
0.019148
0.0191533
0.0191585
0.0191637
0.0191688
0.019174
0.0191791
0.0191842
0.0191893
0.0191943
0.0191993
0.0192043
0.0192093
0.0192142
0.0192191
0.019224
0.0192289
0.0192337
0.0192386
0.0192433
0.0192481
0.0192529
0.0192576
0.0192623
0.019267
0.0192716
0.0192763
0.0192809
0.0192854
0.01929
0.0192945
0.0192991
0.0193036
0.019308
0.0193125
0.0193169
0.0193213
0.0193257
0.01933
0.0193344
0.0193387
0.019343
0.0193473
0.0193515
0.0193558
0.01936
0.0193642
0.0193683
0.0193725
0.0193766
0.0193807
0.0193848
0.0193889
0.0193929
0.0193969
0.0194009
0.0194049
0.0194089
0.0194128
0.0194168
0.0194207
0.0194246
0.0194284
0.0194323
0.0194361
0.0194399
0.0194437
0.0194475
0.0194512
0.019455
0.0194587
0.0194624
0.0194661
0.0194697
0.0194734
0.019477
0.0194806
0.0194842
0.0194877
0.0194913
0.0194948
0.0194983
0.0195018
0.0195053
0.0195088
0.0195122
0.0195157
0.0195191
0.0195225
0.0195259
0.0195292
0.0195326
0.0195359
0.0195392
0.0195425
0.0195458
0.019549
0.0195523
0.0195555
0.0195587
0.0195619
0.0195651
0.0195683
0.0195714
0.0195746
0.0195777
0.0195808
0.0195839
0.019587
0.01959
0.0195931
0.0195961
0.0195991
0.0196021
0.0196051
0.019608
0.019611
0.0196139
0.0196169
0.0196198
0.0196227
0.0196255
0.0196284
0.0196313
0.0196341
0.0196369
0.0196397
0.0196425
0.0196453
0.0196481
0.0196508
0.0196536
0.0196563
0.019659
0.0196617
0.0196644
0.019667
0.0196697
0.0196723
0.019675
0.0196776
0.0196802
0.0196828
0.0196854
0.0196879
0.0196905
0.019693
0.0196956
0.0196981
0.0197006
0.0197031
0.0197056
0.019708
0.0197105
0.0197129
0.0197153
0.0197178
0.0197202
0.0197226
0.0197249
0.0197273
0.0197297
0.019732
0.0197343
0.0197367
0.019739
0.0197413
0.0197436
0.0197458
0.0197481
0.0197504
0.0197526
0.0197548
0.0197571
0.0197593
0.0197615
0.0197637
0.0197658
0.019768
0.0197701
0.0197723
0.0197744
0.0197765
0.0197787
0.0197808
0.0197829
0.0197849
0.019787
0.0197891
0.0197911
0.0197932
0.0197952
0.0197972
0.0197992
0.0198012
0.0198032
0.0198052
0.0198071
0.0198091
0.0198111
0.019813
0.0198149
0.0198168
0.0198188
0.0198207
0.0198226
0.0198244
0.0198263
0.0198282
0.01983
0.0198319
0.0198337
0.0198355
0.0198374
0.0198392
0.019841
0.0198427
0.0198445
0.0198463
0.0198481
0.0198498
0.0198516
0.0198533
0.019855
0.0198568
0.0198585
0.0198602
0.0198619
0.0198636
0.0198652
0.0198669
0.0198686
0.0198702
0.0198719
0.0198735
0.0198751
0.0198767
0.0198784
0.01988
0.0198816
0.0198831
0.0198847
0.0198863
0.0198879
0.0198894
0.019891
0.0198925
0.019894
0.0198956
0.0198971
0.0198986
0.0199001
0.0199016
0.0199031
0.0199046
0.019906
0.0199075
0.019909
0.0199104
0.0199119
0.0199133
0.0199147
0.0199162
0.0199176
0.019919
0.0199204
0.0199218
0.0199232
0.0199245
0.0199259
0.0199273
0.0199286
0.01993
0.0199313
0.0199327
0.019934
0.0199353
0.0199367
0.019938
0.0199393
0.0199406
0.0199419
0.0199432
0.0199444
0.0199457
0.019947
0.0199482
0.0199495
0.0199508
0.019952
0.0199532
0.0199545
0.0199557
0.0199569
0.0199581
0.0199593
0.0199605
0.0199617
0.0199629
0.0199641
0.0199653
0.0199664
0.0199676
0.0199688
0.0199699
0.0199711
0.0199722
0.0199733
0.0199745
0.0199756
0.0199767
0.0199778
0.0199789
0.01998
0.0199811
0.0199822
0.0199833
0.0199844
0.0199855
0.0199865
0.0199876
0.0199887
0.0199897
0.0199908
0.0199918
0.0199929
0.0199939
0.0199949
0.0199959
0.019997
0.019998
0.019999
0.02
0.020001
0
0
0.000100748
0.000200993
0.000300739
0.000399987
0.00049874
0.000597
0.000694771
0.000792053
0.000888851
0.000985166
0.001081
0.00117636
0.00127124
0.00136564
0.00145958
0.00155305
0.00164605
0.00173859
0.00183067
0.00192228
0.00201344
0.00210415
0.0021944
0.00228421
0.00237356
0.00246247
0.00255094
0.00263896
0.00272655
0.0028137
0.00290041
0.0029867
0.00307255
0.00315797
0.00324297
0.00332754
0.00341169
0.00349543
0.00357874
0.00366164
0.00374412
0.0038262
0.00390786
0.00398912
0.00406997
0.00415042
0.00423047
0.00431012
0.00438937
0.00446822
0.00454669
0.00462476
0.00470244
0.00477973
0.00485664
0.00493317
0.00500931
0.00508508
0.00516046
0.00523547
0.00531011
0.00538437
0.00545826
0.00553179
0.00560495
0.00567774
0.00575017
0.00582224
0.00589395
0.0059653
0.0060363
0.00610694
0.00617723
0.00624717
0.00631676
0.006386
0.0064549
0.00652345
0.00659166
0.00665954
0.00672707
0.00679426
0.00686113
0.00692765
0.00699385
0.00705972
0.00712525
0.00719046
0.00725535
0.00731991
0.00738415
0.00744807
0.00751167
0.00757495
0.00763792
0.00770058
0.00776292
0.00782495
0.00788667
0.00794808
0.00800919
0.00806999
0.00813049
0.00819068
0.00825058
0.00831018
0.00836948
0.00842849
0.0084872
0.00854561
0.00860374
0.00866158
0.00871913
0.00877639
0.00883336
0.00889005
0.00894646
0.00900259
0.00905844
0.009114
0.0091693
0.00922431
0.00927905
0.00933352
0.00938772
0.00944165
0.0094953
0.00954869
0.00960182
0.00965468
0.00970727
0.0097596
0.00981167
0.00986349
0.00991504
0.00996634
0.0100174
0.0100682
0.0101187
0.010169
0.010219
0.0102688
0.0103183
0.0103676
0.0104166
0.0104654
0.010514
0.0105623
0.0106104
0.0106582
0.0107058
0.0107531
0.0108003
0.0108471
0.0108938
0.0109402
0.0109864
0.0110323
0.0110781
0.0111236
0.0111688
0.0112139
0.0112587
0.0113033
0.0113477
0.0113918
0.0114357
0.0114794
0.0115229
0.0115662
0.0116093
0.0116521
0.0116948
0.0117372
0.0117794
0.0118214
0.0118632
0.0119048
0.0119461
0.0119873
0.0120283
0.012069
0.0121096
0.0121499
0.0121901
0.01223
0.0122698
0.0123093
0.0123487
0.0123878
0.0124268
0.0124656
0.0125041
0.0125425
0.0125807
0.0126187
0.0126565
0.0126942
0.0127316
0.0127688
0.0128059
0.0128428
0.0128795
0.012916
0.0129523
0.0129885
0.0130244
0.0130602
0.0130958
0.0131313
0.0131665
0.0132016
0.0132365
0.0132712
0.0133058
0.0133402
0.0133744
0.0134084
0.0134423
0.013476
0.0135095
0.0135429
0.0135761
0.0136091
0.013642
0.0136747
0.0137073
0.0137397
0.0137719
0.0138039
0.0138358
0.0138676
0.0138992
0.0139306
0.0139619
0.013993
0.0140239
0.0140547
0.0140854
0.0141159
0.0141462
0.0141764
0.0142065
0.0142364
0.0142661
0.0142957
0.0143251
0.0143544
0.0143836
0.0144126
0.0144415
0.0144702
0.0144988
0.0145272
0.0145555
0.0145836
0.0146117
0.0146395
0.0146673
0.0146949
0.0147223
0.0147496
0.0147768
0.0148039
0.0148308
0.0148576
0.0148842
0.0149107
0.0149371
0.0149633
0.0149895
0.0150155
0.0150413
0.015067
0.0150926
0.0151181
0.0151435
0.0151687
0.0151938
0.0152187
0.0152436
0.0152683
0.0152929
0.0153174
0.0153417
0.015366
0.0153901
0.0154141
0.0154379
0.0154617
0.0154853
0.0155088
0.0155322
0.0155555
0.0155787
0.0156017
0.0156247
0.0156475
0.0156702
0.0156928
0.0157153
0.0157376
0.0157599
0.015782
0.0158041
0.015826
0.0158478
0.0158695
0.0158911
0.0159126
0.015934
0.0159553
0.0159764
0.0159975
0.0160184
0.0160393
0.0160601
0.0160807
0.0161012
0.0161217
0.016142
0.0161623
0.0161824
0.0162024
0.0162224
0.0162422
0.016262
0.0162816
0.0163011
0.0163206
0.0163399
0.0163592
0.0163783
0.0163974
0.0164164
0.0164352
0.016454
0.0164727
0.0164913
0.0165098
0.0165282
0.0165465
0.0165647
0.0165829
0.0166009
0.0166189
0.0166367
0.0166545
0.0166722
0.0166898
0.0167073
0.0167247
0.016742
0.0167593
0.0167764
0.0167935
0.0168105
0.0168274
0.0168442
0.016861
0.0168776
0.0168942
0.0169107
0.0169271
0.0169434
0.0169596
0.0169758
0.0169919
0.0170079
0.0170238
0.0170397
0.0170554
0.0170711
0.0170867
0.0171022
0.0171177
0.0171331
0.0171483
0.0171636
0.0171787
0.0171938
0.0172088
0.0172237
0.0172385
0.0172533
0.017268
0.0172826
0.0172972
0.0173117
0.0173261
0.0173404
0.0173547
0.0173689
0.017383
0.017397
0.017411
0.0174249
0.0174388
0.0174525
0.0174662
0.0174799
0.0174934
0.0175069
0.0175204
0.0175337
0.017547
0.0175603
0.0175734
0.0175865
0.0175996
0.0176125
0.0176254
0.0176383
0.017651
0.0176638
0.0176764
0.017689
0.0177015
0.017714
0.0177264
0.0177387
0.017751
0.0177632
0.0177754
0.0177875
0.0177995
0.0178115
0.0178234
0.0178352
0.017847
0.0178588
0.0178704
0.0178821
0.0178936
0.0179051
0.0179166
0.0179279
0.0179393
0.0179506
0.0179618
0.0179729
0.017984
0.0179951
0.0180061
0.018017
0.0180279
0.0180388
0.0180495
0.0180603
0.0180709
0.0180816
0.0180921
0.0181026
0.0181131
0.0181235
0.0181339
0.0181442
0.0181544
0.0181646
0.0181748
0.0181849
0.0181949
0.0182049
0.0182149
0.0182248
0.0182346
0.0182444
0.0182542
0.0182639
0.0182735
0.0182832
0.0182927
0.0183022
0.0183117
0.0183211
0.0183305
0.0183398
0.0183491
0.0183583
0.0183675
0.0183766
0.0183857
0.0183948
0.0184038
0.0184127
0.0184217
0.0184305
0.0184394
0.0184481
0.0184569
0.0184656
0.0184742
0.0184828
0.0184914
0.0184999
0.0185084
0.0185168
0.0185252
0.0185336
0.0185419
0.0185502
0.0185584
0.0185666
0.0185747
0.0185828
0.0185909
0.0185989
0.0186069
0.0186148
0.0186228
0.0186306
0.0186384
0.0186462
0.018654
0.0186617
0.0186694
0.018677
0.0186846
0.0186922
0.0186997
0.0187072
0.0187146
0.018722
0.0187294
0.0187367
0.018744
0.0187513
0.0187585
0.0187657
0.0187728
0.01878
0.018787
0.0187941
0.0188011
0.0188081
0.018815
0.0188219
0.0188288
0.0188356
0.0188424
0.0188492
0.018856
0.0188627
0.0188693
0.018876
0.0188826
0.0188891
0.0188957
0.0189022
0.0189087
0.0189151
0.0189215
0.0189279
0.0189342
0.0189405
0.0189468
0.0189531
0.0189593
0.0189655
0.0189716
0.0189778
0.0189839
0.0189899
0.018996
0.019002
0.0190079
0.0190139
0.0190198
0.0190257
0.0190315
0.0190374
0.0190432
0.0190489
0.0190547
0.0190604
0.0190661
0.0190717
0.0190774
0.019083
0.0190885
0.0190941
0.0190996
0.0191051
0.0191105
0.019116
0.0191214
0.0191268
0.0191321
0.0191374
0.0191427
0.019148
0.0191533
0.0191585
0.0191637
0.0191688
0.019174
0.0191791
0.0191842
0.0191893
0.0191943
0.0191993
0.0192043
0.0192093
0.0192142
0.0192191
0.019224
0.0192289
0.0192337
0.0192386
0.0192433
0.0192481
0.0192529
0.0192576
0.0192623
0.019267
0.0192716
0.0192763
0.0192809
0.0192854
0.01929
0.0192945
0.0192991
0.0193036
0.019308
0.0193125
0.0193169
0.0193213
0.0193257
0.01933
0.0193344
0.0193387
0.019343
0.0193473
0.0193515
0.0193558
0.01936
0.0193642
0.0193683
0.0193725
0.0193766
0.0193807
0.0193848
0.0193889
0.0193929
0.0193969
0.0194009
0.0194049
0.0194089
0.0194128
0.0194168
0.0194207
0.0194246
0.0194284
0.0194323
0.0194361
0.0194399
0.0194437
0.0194475
0.0194512
0.019455
0.0194587
0.0194624
0.0194661
0.0194697
0.0194734
0.019477
0.0194806
0.0194842
0.0194877
0.0194913
0.0194948
0.0194983
0.0195018
0.0195053
0.0195088
0.0195122
0.0195157
0.0195191
0.0195225
0.0195259
0.0195292
0.0195326
0.0195359
0.0195392
0.0195425
0.0195458
0.019549
0.0195523
0.0195555
0.0195587
0.0195619
0.0195651
0.0195683
0.0195714
0.0195746
0.0195777
0.0195808
0.0195839
0.019587
0.01959
0.0195931
0.0195961
0.0195991
0.0196021
0.0196051
0.019608
0.019611
0.0196139
0.0196169
0.0196198
0.0196227
0.0196255
0.0196284
0.0196313
0.0196341
0.0196369
0.0196397
0.0196425
0.0196453
0.0196481
0.0196508
0.0196536
0.0196563
0.019659
0.0196617
0.0196644
0.019667
0.0196697
0.0196723
0.019675
0.0196776
0.0196802
0.0196828
0.0196854
0.0196879
0.0196905
0.019693
0.0196956
0.0196981
0.0197006
0.0197031
0.0197056
0.019708
0.0197105
0.0197129
0.0197153
0.0197178
0.0197202
0.0197226
0.0197249
0.0197273
0.0197297
0.019732
0.0197343
0.0197367
0.019739
0.0197413
0.0197436
0.0197458
0.0197481
0.0197504
0.0197526
0.0197548
0.0197571
0.0197593
0.0197615
0.0197637
0.0197658
0.019768
0.0197701
0.0197723
0.0197744
0.0197765
0.0197787
0.0197808
0.0197829
0.0197849
0.019787
0.0197891
0.0197911
0.0197932
0.0197952
0.0197972
0.0197992
0.0198012
0.0198032
0.0198052
0.0198071
0.0198091
0.0198111
0.019813
0.0198149
0.0198168
0.0198188
0.0198207
0.0198226
0.0198244
0.0198263
0.0198282
0.01983
0.0198319
0.0198337
0.0198355
0.0198374
0.0198392
0.019841
0.0198427
0.0198445
0.0198463
0.0198481
0.0198498
0.0198516
0.0198533
0.019855
0.0198568
0.0198585
0.0198602
0.0198619
0.0198636
0.0198652
0.0198669
0.0198686
0.0198702
0.0198719
0.0198735
0.0198751
0.0198767
0.0198784
0.01988
0.0198816
0.0198831
0.0198847
0.0198863
0.0198879
0.0198894
0.019891
0.0198925
0.019894
0.0198956
0.0198971
0.0198986
0.0199001
0.0199016
0.0199031
0.0199046
0.019906
0.0199075
0.019909
0.0199104
0.0199119
0.0199133
0.0199147
0.0199162
0.0199176
0.019919
0.0199204
0.0199218
0.0199232
0.0199245
0.0199259
0.0199273
0.0199286
0.01993
0.0199313
0.0199327
0.019934
0.0199353
0.0199367
0.019938
0.0199393
0.0199406
0.0199419
0.0199432
0.0199444
0.0199457
0.019947
0.0199482
0.0199495
0.0199508
0.019952
0.0199532
0.0199545
0.0199557
0.0199569
0.0199581
0.0199593
0.0199605
0.0199617
0.0199629
0.0199641
0.0199653
0.0199664
0.0199676
0.0199688
0.0199699
0.0199711
0.0199722
0.0199733
0.0199745
0.0199756
0.0199767
0.0199778
0.0199789
0.01998
0.0199811
0.0199822
0.0199833
0.0199844
0.0199855
0.0199865
0.0199876
0.0199887
0.0199897
0.0199908
0.0199918
0.0199929
0.0199939
0.0199949
0.0199959
0.019997
0.019998
0.019999
0.02
0.020001
0
0
0.000100748
0.000200993
0.000300739
0.000399987
0.00049874
0.000597
0.000694771
0.000792053
0.000888851
0.000985166
0.001081
0.00117636
0.00127124
0.00136564
0.00145958
0.00155305
0.00164605
0.00173859
0.00183067
0.00192228
0.00201344
0.00210415
0.0021944
0.00228421
0.00237356
0.00246247
0.00255094
0.00263896
0.00272655
0.0028137
0.00290041
0.0029867
0.00307255
0.00315797
0.00324297
0.00332754
0.00341169
0.00349543
0.00357874
0.00366164
0.00374412
0.0038262
0.00390786
0.00398912
0.00406997
0.00415042
0.00423047
0.00431012
0.00438937
0.00446822
0.00454669
0.00462476
0.00470244
0.00477973
0.00485664
0.00493317
0.00500931
0.00508508
0.00516046
0.00523547
0.00531011
0.00538437
0.00545826
0.00553179
0.00560495
0.00567774
0.00575017
0.00582224
0.00589395
0.0059653
0.0060363
0.00610694
0.00617723
0.00624717
0.00631676
0.006386
0.0064549
0.00652345
0.00659166
0.00665954
0.00672707
0.00679426
0.00686113
0.00692765
0.00699385
0.00705972
0.00712525
0.00719046
0.00725535
0.00731991
0.00738415
0.00744807
0.00751167
0.00757495
0.00763792
0.00770058
0.00776292
0.00782495
0.00788667
0.00794808
0.00800919
0.00806999
0.00813049
0.00819068
0.00825058
0.00831018
0.00836948
0.00842849
0.0084872
0.00854561
0.00860374
0.00866158
0.00871913
0.00877639
0.00883336
0.00889005
0.00894646
0.00900259
0.00905844
0.009114
0.0091693
0.00922431
0.00927905
0.00933352
0.00938772
0.00944165
0.0094953
0.00954869
0.00960182
0.00965468
0.00970727
0.0097596
0.00981167
0.00986349
0.00991504
0.00996634
0.0100174
0.0100682
0.0101187
0.010169
0.010219
0.0102688
0.0103183
0.0103676
0.0104166
0.0104654
0.010514
0.0105623
0.0106104
0.0106582
0.0107058
0.0107531
0.0108003
0.0108471
0.0108938
0.0109402
0.0109864
0.0110323
0.0110781
0.0111236
0.0111688
0.0112139
0.0112587
0.0113033
0.0113477
0.0113918
0.0114357
0.0114794
0.0115229
0.0115662
0.0116093
0.0116521
0.0116948
0.0117372
0.0117794
0.0118214
0.0118632
0.0119048
0.0119461
0.0119873
0.0120283
0.012069
0.0121096
0.0121499
0.0121901
0.01223
0.0122698
0.0123093
0.0123487
0.0123878
0.0124268
0.0124656
0.0125041
0.0125425
0.0125807
0.0126187
0.0126565
0.0126942
0.0127316
0.0127688
0.0128059
0.0128428
0.0128795
0.012916
0.0129523
0.0129885
0.0130244
0.0130602
0.0130958
0.0131313
0.0131665
0.0132016
0.0132365
0.0132712
0.0133058
0.0133402
0.0133744
0.0134084
0.0134423
0.013476
0.0135095
