0.100748
0
0.200993
0
0.300739
0
0.399987
0
0.49874
0
0.597
0
0.694771
0
0.792053
0
0.888851
0
0.985166
0
1.081
0
1.17636
0
1.27124
0
1.36564
0
1.45958
0
1.55305
0
1.64605
0
1.73859
0
1.83067
0
1.92228
0
2.01344
0
2.10415
0
2.1944
0
2.28421
0
2.37356
0
2.46247
0
2.55094
0
2.63896
0
2.72655
0
2.8137
0
2.90041
0
2.9867
0
3.07255
0
3.15797
0
3.24297
0
3.32754
0
3.41169
0
3.49543
0
3.57874
0
3.66164
0
3.74412
0
3.8262
0
3.90786
0
3.98912
0
4.06997
0
4.15042
0
4.23047
0
4.31012
0
4.38937
0
4.46822
0
4.54669
0
4.62476
0
4.70244
0
4.77973
0
4.85664
0
4.93317
0
5.00931
0
5.08508
0
5.16046
0
5.23547
0
5.31011
0
5.38437
0
5.45826
0
5.53179
0
5.60495
0
5.67774
0
5.75017
0
5.82224
0
5.89395
0
5.9653
0
6.0363
0
6.10694
0
6.17723
0
6.24717
0
6.31676
0
6.386
0
6.4549
0
6.52345
0
6.59166
0
6.65954
0
6.72707
0
6.79426
0
6.86113
0
6.92765
0
6.99385
0
7.05972
0
7.12525
0
7.19046
0
7.25535
0
7.31991
0
7.38415
0
7.44807
0
7.51167
0
7.57495
0
7.63792
0
7.70058
0
7.76292
0
7.82495
0
7.88667
0
7.94808
0
8.00919
0
8.06999
0
8.13049
0
8.19068
0
8.25058
0
8.31018
0
8.36948
0
8.42849
0
8.4872
0
8.54561
0
8.60374
0
8.66158
0
8.71913
0
8.77639
0
8.83336
0
8.89005
0
8.94646
0
9.00259
0
9.05844
0
9.114
0
9.1693
0
9.22431
0
9.27905
0
9.33352
0
9.38772
0
9.44165
0
9.4953
0
9.54869
0
9.60182
0
9.65468
0
9.70727
0
9.7596
0
9.81167
0
9.86349
0
9.91504
0
9.96634
0
10.0174
0
10.0682
0
10.1187
0
10.169
0
10.219
0
10.2688
0
10.3183
0
10.3676
0
10.4166
0
10.4654
0
10.514
0
10.5623
0
10.6104
0
10.6582
0
10.7058
0
10.7531
0
10.8003
0
10.8471
0
10.8938
0
10.9402
0
10.9864
0
11.0323
0
11.0781
0
11.1236
0
11.1688
0
11.2139
0
11.2587
0
11.3033
0
11.3477
0
11.3918
0
11.4357
0
11.4794
0
11.5229
0
11.5662
0
11.6093
0
11.6521
0
11.6948
0
11.7372
0
11.7794
0
11.8214
0
11.8632
0
11.9048
0
11.9461
0
11.9873
0
12.0283
0
12.069
0
12.1096
0
12.1499
0
12.1901
0
12.23
0
12.2698
0
12.3093
0
12.3487
0
12.3878
0
12.4268
0
12.4656
0
12.5041
0
12.5425
0
12.5807
0
12.6187
0
12.6565
0
12.6942
0
12.7316
0
12.7688
0
12.8059
0
12.8428
0
12.8795
0
12.916
0
12.9523
0
12.9885
0
13.0244
0
13.0602
0
13.0958
0
13.1313
0
13.1665
0
13.2016
0
13.2365
0
13.2712
0
13.3058
0
13.3402
0
13.3744
0
13.4084
0
13.4423
0
13.476
0
13.5095
0
13.5429
0
13.5761
0
13.6091
0
13.642
0
13.6747
0
13.7073
0
13.7397
0
13.7719
0
13.8039
0
13.8358
0
13.8676
0
13.8992
0
13.9306
0
13.9619
0
13.993
0
14.0239
0
14.0547
0
14.0854
0
14.1159
0
14.1462
0
14.1764
0
14.2065
0
14.2364
0
14.2661
0
14.2957
0
14.3251
0
14.3544
0
14.3836
0
14.4126
0
14.4415
0
14.4702
0
14.4988
0
14.5272
0
14.5555
0
14.5836
0
14.6117
0
14.6395
0
14.6673
0
14.6949
0
14.7223
0
14.7496
0
14.7768
0
14.8039
0
14.8308
0
14.8576
0
14.8842
0
14.9107
0
14.9371
0
14.9633
0
14.9895
0
15.0155
0
15.0413
0
15.067
0
15.0926
0
15.1181
0
15.1435
0
15.1687
0
15.1938
0
15.2187
0
15.2436
0
15.2683
0
15.2929
0
15.3174
0
15.3417
0
15.366
0
15.3901
0
15.4141
0
15.4379
0
15.4617
0
15.4853
0
15.5088
0
15.5322
0
15.5555
0
15.5787
0
15.6017
0
15.6247
0
15.6475
0
15.6702
0
15.6928
0
15.7153
0
15.7376
0
15.7599
0
15.782
0
15.8041
0
15.826
0
15.8478
0
15.8695
0
15.8911
0
15.9126
0
15.934
0
15.9553
0
15.9764
0
15.9975
0
16.0184
0
16.0393
0
16.0601
0
16.0807
0
16.1012
0
16.1217
0
16.142
0
16.1623
0
16.1824
0
16.2024
0
16.2224
0
16.2422
0
16.262
0
16.2816
0
16.3011
0
16.3206
0
16.3399
0
16.3592
0
16.3783
0
16.3974
0
16.4164
0
16.4352
0
16.454
0
16.4727
0
16.4913
0
16.5098
0
16.5282
0
16.5465
0
16.5647
0
16.5829
0
16.6009
0
16.6189
0
16.6367
0
16.6545
0
16.6722
0
16.6898
0
16.7073
0
16.7247
0
16.742
0
16.7593
0
16.7764
0
16.7935
0
16.8105
0
16.8274
0
16.8442
0
16.861
0
16.8776
0
16.8942
0
16.9107
0
16.9271
0
16.9434
0
16.9596
0
16.9758
0
16.9919
0
17.0079
0
17.0238
0
17.0397
0
17.0554
0
17.0711
0
17.0867
0
17.1022
0
17.1177
0
17.1331
0
17.1483
0
17.1636
0
17.1787
0
17.1938
0
17.2088
0
17.2237
0
17.2385
0
17.2533
0
17.268
0
17.2826
0
17.2972
0
17.3117
0
17.3261
0
17.3404
0
17.3547
0
17.3689
0
17.383
0
17.397
0
17.411
0
17.4249
0
17.4388
0
17.4525
0
17.4662
0
17.4799
0
17.4934
0
17.5069
0
17.5204
0
17.5337
0
17.547
0
17.5603
0
17.5734
0
17.5865
0
17.5996
0
17.6125
0
17.6254
0
17.6383
0
17.651
0
17.6638
0
17.6764
0
17.689
0
17.7015
0
17.714
0
17.7264
0
17.7387
0
17.751
0
17.7632
0
17.7754
0
17.7875
0
17.7995
0
17.8115
0
17.8234
0
17.8352
0
17.847
0
17.8588
0
17.8704
0
17.8821
0
17.8936
0
17.9051
0
17.9166
0
17.9279
0
17.9393
0
17.9506
0
17.9618
0
17.9729
0
17.984
0
17.9951
0
18.0061
0
18.017
0
18.0279
0
18.0388
0
18.0495
0
18.0603
0
18.0709
0
18.0816
0
18.0921
0
18.1026
0
18.1131
0
18.1235
0
18.1339
0
18.1442
0
18.1544
0
18.1646
0
18.1748
0
18.1849
0
18.1949
0
18.2049
0
18.2149
0
18.2248
0
18.2346
0
18.2444
0
18.2542
0
18.2639
0
18.2735
0
18.2832
0
18.2927
0
18.3022
0
18.3117
0
18.3211
0
18.3305
0
18.3398
0
18.3491
0
18.3583
0
18.3675
0
18.3766
0
18.3857
0
18.3948
0
18.4038
0
18.4127
0
18.4217
0
18.4305
0
18.4394
0
18.4481
0
18.4569
0
18.4656
0
18.4742
0
18.4828
0
18.4914
0
18.4999
0
18.5084
0
18.5168
0
18.5252
0
18.5336
0
18.5419
0
18.5502
0
18.5584
0
18.5666
0
18.5747
0
18.5828
0
18.5909
0
18.5989
0
18.6069
0
18.6148
0
18.6228
0
18.6306
0
18.6384
0
18.6462
0
18.654
0
18.6617
0
18.6694
0
18.677
0
18.6846
0
18.6922
0
18.6997
0
18.7072
0
18.7146
0
18.722
0
18.7294
0
18.7367
0
18.744
0
18.7513
0
18.7585
0
18.7657
0
18.7728
0
18.78
0
18.787
0
18.7941
0
18.8011
0
18.8081
0
18.815
0
18.8219
0
18.8288
0
18.8356
0
18.8424
0
18.8492
0
18.856
0
18.8627
0
18.8693
0
18.876
0
18.8826
0
18.8891
0
18.8957
0
18.9022
0
18.9087
0
18.9151
0
18.9215
0
18.9279
0
18.9342
0
18.9405
0
18.9468
0
18.9531
0
18.9593
0
18.9655
0
18.9716
0
18.9778
0
18.9839
0
18.9899
0
18.996
0
19.002
0
19.0079
0
19.0139
0
19.0198
0
19.0257
0
19.0315
0
19.0374
0
19.0432
0
19.0489
0
19.0547
0
19.0604
0
19.0661
0
19.0717
0
19.0774
0
19.083
0
19.0885
0
19.0941
0
19.0996
0
19.1051
0
19.1105
0
19.116
0
19.1214
0
19.1268
0
19.1321
0
19.1374
0
19.1427
0
19.148
0
19.1533
0
19.1585
0
19.1637
0
19.1688
0
19.174
0
19.1791
0
19.1842
0
19.1893
0
19.1943
0
19.1993
0
19.2043
0
19.2093
0
19.2142
0
19.2191
0
19.224
0
19.2289
0
19.2337
0
19.2386
0
19.2433
0
19.2481
0
19.2529
0
19.2576
0
19.2623
0
19.267
0
19.2716
0
19.2763
0
19.2809
0
19.2854
0
19.29
0
19.2945
0
19.2991
0
19.3036
0
19.308
0
19.3125
0
19.3169
0
19.3213
0
19.3257
0
19.33
0
19.3344
0
19.3387
0
19.343
0
19.3473
0
19.3515
0
19.3558
0
19.36
0
19.3642
0
19.3683
0
19.3725
0
19.3766
0
19.3807
0
19.3848
0
19.3889
0
19.3929
0
19.3969
0
19.4009
0
19.4049
0
19.4089
0
19.4128
0
19.4168
0
19.4207
0
19.4246
0
19.4284
0
19.4323
0
19.4361
0
19.4399
0
19.4437
0
19.4475
0
19.4512
0
19.455
0
19.4587
0
19.4624
0
19.4661
0
19.4697
0
19.4734
0
19.477
0
19.4806
0
19.4842
0
19.4877
0
19.4913
0
19.4948
0
19.4983
0
19.5018
0
19.5053
0
19.5088
0
19.5122
0
19.5157
0
19.5191
0
19.5225
0
19.5259
0
19.5292
0
19.5326
0
19.5359
0
19.5392
0
19.5425
0
19.5458
0
19.549
0
19.5523
0
19.5555
0
19.5587
0
19.5619
0
19.5651
0
19.5683
0
19.5714
0
19.5746
0
19.5777
0
19.5808
0
19.5839
0
19.587
0
19.59
0
19.5931
0
19.5961
0
19.5991
0
19.6021
0
19.6051
0
19.608
0
19.611
0
19.6139
0
19.6169
0
19.6198
0
19.6227
0
19.6255
0
19.6284
0
19.6313
0
19.6341
0
19.6369
0
19.6397
0
19.6425
0
19.6453
0
19.6481
0
19.6508
0
19.6536
0
19.6563
0
19.659
0
19.6617
0
19.6644
0
19.667
0
19.6697
0
19.6723
0
19.675
0
19.6776
0
19.6802
0
19.6828
0
19.6854
0
19.6879
0
19.6905
0
19.693
0
19.6956
0
19.6981
0
19.7006
0
19.7031
0
19.7056
0
19.708
0
19.7105
0
19.7129
0
19.7153
0
19.7178
0
19.7202
0
19.7226
0
19.7249
0
19.7273
0
19.7297
0
19.732
0
19.7343
0
19.7367
0
19.739
0
19.7413
0
19.7436
0
19.7458
0
19.7481
0
19.7504
0
19.7526
0
19.7548
0
19.7571
0
19.7593
0
19.7615
0
19.7637
0
19.7658
0
19.768
0
19.7701
0
19.7723
0
19.7744
0
19.7765
0
19.7787
0
19.7808
0
19.7829
0
19.7849
0
19.787
0
19.7891
0
19.7911
0
19.7932
0
19.7952
0
19.7972
0
19.7992
0
19.8012
0
19.8032
0
19.8052
0
19.8071
0
19.8091
0
19.8111
0
19.813
0
19.8149
0
19.8168
0
19.8188
0
19.8207
0
19.8226
0
19.8244
0
19.8263
0
19.8282
0
19.83
0
19.8319
0
19.8337
0
19.8355
0
19.8374
0
19.8392
0
19.841
0
19.8427
0
19.8445
0
19.8463
0
19.8481
0
19.8498
0
19.8516
0
19.8533
0
19.855
0
19.8568
0
19.8585
0
19.8602
0
19.8619
0
19.8636
0
19.8652
0
19.8669
0
19.8686
0
19.8702
0
19.8719
0
19.8735
0
19.8751
0
19.8767
0
19.8784
0
19.88
0
19.8816
0
19.8831
0
19.8847
0
19.8863
0
19.8879
0
19.8894
0
19.891
0
19.8925
0
19.894
0
19.8956
0
19.8971
0
19.8986
0
19.9001
0
19.9016
0
19.9031
0
19.9046
0
19.906
0
19.9075
0
19.909
0
19.9104
0
19.9119
0
19.9133
0
19.9147
0
19.9162
0
19.9176
0
19.919
0
19.9204
0
19.9218
0
19.9232
0
19.9245
0
19.9259
0
19.9273
0
19.9286
0
19.93
0
19.9313
0
19.9327
0
19.934
0
19.9353
0
19.9367
0
19.938
0
19.9393
0
19.9406
0
19.9419
0
19.9432
0
19.9444
0
19.9457
0
19.947
0
19.9482
0
19.9495
0
19.9508
0
19.952
0
19.9532
0
19.9545
0
19.9557
0
19.9569
0
19.9581
0
19.9593
0
19.9605
0
19.9617
0
19.9629
0
19.9641
0
19.9653
0
19.9664
0
19.9676
0
19.9688
0
19.9699
0
19.9711
0
19.9722
0
19.9733
0
19.9745
0
19.9756
0
19.9767
0
19.9778
0
19.9789
0
19.98
0
19.9811
0
19.9822
0
19.9833
0
19.9844
0
19.9855
0
19.9865
0
19.9876
0
19.9887
0
19.9897
0
19.9908
0
19.9918
0
19.9929
0
19.9939
0
19.9949
0
19.9959
0
19.997
0
19.998
0
19.999
0
20
0
20.001
0
0
0
0
0
0.100748
0
0.200993
0
0.300739
0
0.399987
0
0.49874
0
0.597
0
0.694771
0
0.792053
0
0.888851
0
0.985166
0
1.081
0
1.17636
0
1.27124
0.1
1.36564
0.0995012
1.45958
0.099005
1.55305
0.0985112
1.64605
0.0980199
1.73859
0.097531
1.83067
0.0970446
1.92228
0.0965605
2.01344
0.0960789
2.10415
0.0955997
2.1944
0.0951229
2.28421
0.0946485
2.37356
0.0941765
2.46247
0.0937067
2.55094
0.0932394
2.63896
0.0927743
2.72655
0.0923116
2.8137
0.0918512
2.90041
0.0913931
2.9867
0.0909373
3.07255
0.0904837
3.15797
0.0900325
3.24297
0.0895834
3.32754
0.0891366
3.41169
0.088692
3.49543
0.0882497
3.57874
0.0878095
3.66164
0.0873716
3.74412
0.0869358
3.8262
0.0865022
3.90786
0.0860708
3.98912
0.0856415
4.06997
0.0852144
4.15042
0.0847894
4.23047
0.0843665
4.31012
0.0839457
4.38937
0.083527
4.46822
0.0831104
4.54669
0.0826959
4.62476
0.0822835
4.70244
0.0818731
4.77973
0.0814647
4.85664
0.0810584
4.93317
0.0806541
5.00931
0.0802519
5.08508
0.0798516
5.16046
0.0794534
5.23547
0.0790571
5.31011
0.0786628
5.38437
0.0782705
5.45826
0.0778801
5.53179
0.0774916
5.60495
0.0771052
5.67774
0.0767206
5.75017
0.0763379
5.82224
0.0759572
5.89395
0.0755784
5.9653
0.0752014
6.0363
0.0748264
6.10694
0.0744532
6.17723
0.0740818
6.24717
0.0737123
6.31676
0.0733447
6.386
0.0729789
6.4549
0.0726149
6.52345
0.0722527
6.59166
0.0718924
6.65954
0.0715338
6.72707
0.071177
6.79426
0.070822
6.86113
0.0704688
6.92765
0.0701173
6.99385
0.0697676
7.05972
0.0694197
7.12525
0.0690734
7.19046
0.0687289
7.25535
0.0683861
7.31991
0.0680451
7.38415
0.0677057
7.44807
0.067368
7.51167
0.067032
7.57495
0.0666977
7.63792
0.066365
7.70058
0.066034
7.76292
0.0657047
7.82495
0.065377
7.88667
0.0650509
7.94808
0.0647265
8.00919
0.0644036
8.06999
0.0640824
8.13049
0.0637628
8.19068
0.0634448
8.25058
0.0631284
8.31018
0.0628135
8.36948
0.0625002
8.42849
0.0621885
8.4872
0.0618783
8.54561
0.0615697
8.60374
0.0612626
8.66158
0.0609571
8.71913
0.0606531
8.77639
0.0603506
8.83336
0.0600496
8.89005
0.0597501
8.94646
0.0594521
9.00259
0.0591555
9.05844
0.0588605
9.114
0.0585669
9.1693
0.0582748
9.22431
0.0579842
9.27905
0.057695
9.33352
0.0574072
9.38772
0.0571209
9.44165
0.056836
9.4953
0.0565525
9.54869
0.0562705
9.60182
0.0559898
9.65468
0.0557106
9.70727
0.0554327
9.7596
0.0551563
9.81167
0.0548812
9.86349
0.0546074
9.91504
0.0543351
9.96634
0.0540641
10.0174
0.0537944
10.0682
0.0535261
10.1187
0.0532592
10.169
0.0529935
10.219
0.0527292
10.2688
0.0524663
10.3183
0.0522046
10.3676
0.0519442
10.4166
0.0516851
10.4654
0.0514274
10.514
0.0511709
10.5623
0.0509156
10.6104
0.0506617
10.6582
0.050409
10.7058
0.0501576
10.7531
0.0499074
10.8003
0.0496585
10.8471
0.0494109
10.8938
0.0491644
10.9402
0.0489192
10.9864
0.0486752
11.0323
0.0484325
11.0781
0.0481909
11.1236
0.0479505
11.1688
0.0477114
11.2139
0.0474734
11.2587
0.0472367
11.3033
0.0470011
11.3477
0.0467666
11.3918
0.0465334
11.4357
0.0463013
11.4794
0.0460704
11.5229
0.0458406
11.5662
0.045612
11.6093
0.0453845
11.6521
0.0451581
11.6948
0.0449329
11.7372
0.0447088
11.7794
0.0444858
11.8214
0.0442639
11.8632
0.0440432
11.9048
0.0438235
11.9461
0.0436049
11.9873
0.0433874
12.0283
0.0431711
12.069
0.0429557
12.1096
0.0427415
12.1499
0.0425283
12.1901
0.0423162
12.23
0.0421052
12.2698
0.0418952
12.3093
0.0416862
12.3487
0.0414783
12.3878
0.0412714
12.4268
0.0410656
12.4656
0.0408608
12.5041
0.040657
12.5425
0.0404542
12.5807
0.0402524
12.6187
0.0400517
12.6565
0.0398519
12.6942
0.0396531
12.7316
0.0394554
12.7688
0.0392586
12.8059
0.0390628
12.8428
0.038868
12.8795
0.0386741
12.916
0.0384812
12.9523
0.0382893
12.9885
0.0380983
13.0244
0.0379083
13.0602
0.0377192
13.0958
0.0375311
13.1313
0.0373439
13.1665
0.0371577
13.2016
0.0369723
13.2365
0.0367879
13.2712
0.0366045
13.3058
0.0364219
13.3402
0.0362402
13.3744
0.0360595
13.4084
0.0358796
13.4423
0.0357007
13.476
0.0355226
13.5095
0.0353455
13.5429
0.0351692
13.5761
0.0349938
13.6091
0.0348192
13.642
0.0346456
13.6747
0.0344728
13.7073
0.0343009
13.7397
0.0341298
13.7719
0.0339596
13.8039
0.0337902
13.8358
0.0336216
13.8676
0.033454
13.8992
0.0332871
13.9306
0.0331211
13.9619
0.0329559
13.993
0.0327915
14.0239
0.032628
14.0547
0.0324652
14.0854
0.0323033
14.1159
0.0321422
14.1462
0.0319819
14.1764
0.0318224
14.2065
0.0316637
14.2364
0.0315058
14.2661
0.0313486
14.2957
0.0311923
14.3251
0.0310367
14.3544
0.0308819
14.3836
0.0307279
14.4126
0.0305746
14.4415
0.0304221
14.4702
0.0302704
14.4988
0.0301194
14.5272
0.0299692
14.5555
0.0298197
14.5836
0.029671
14.6117
0.029523
14.6395
0.0293758
14.6673
0.0292293
14.6949
0.0290835
14.7223
0.0289384
14.7496
0.0287941
14.7768
0.0286505
14.8039
0.0285076
14.8308
0.0283654
14.8576
0.0282239
14.8842
0.0280832
14.9107
0.0279431
14.9371
0.0278037
14.9633
0.0276651
14.9895
0.0275271
15.0155
0.0273898
15.0413
0.0272532
15.067
0.0271173
15.0926
0.026982
15.1181
0.0268474
15.1435
0.0267135
15.1687
0.0265803
15.1938
0.0264477
15.2187
0.0263158
15.2436
0.0261846
15.2683
0.026054
15.2929
0.025924
15.3174
0.0257947
15.3417
0.0256661
15.366
0.0255381
15.3901
0.0254107
15.4141
0.025284
15.4379
0.0251579
15.4617
0.0250324
15.4853
0.0249075
15.5088
0.0247833
15.5322
0.0246597
15.5555
0.0245367
15.5787
0.0244143
15.6017
0.0242926
15.6247
0.0241714
15.6475
0.0240508
15.6702
0.0239309
15.6928
0.0238115
15.7153
0.0236928
15.7376
0.0235746
15.7599
0.023457
15.782
0.02334
15.8041
0.0232236
15.826
0.0231078
15.8478
0.0229925
15.8695
0.0228779
15.8911
0.0227638
15.9126
0.0226502
15.934
0.0225373
15.9553
0.0224249
15.9764
0.022313
15.9975
0.0222017
16.0184
0.022091
16.0393
0.0219808
16.0601
0.0218712
16.0807
0.0217621
16.1012
0.0216536
16.1217
0.0215456
16.142
0.0214381
16.1623
0.0213312
16.1824
0.0212248
16.2024
0.0211189
16.2224
0.0210136
16.2422
0.0209088
16.262
0.0208045
16.2816
0.0207008
16.3011
0.0205975
16.3206
0.0204948
16.3399
0.0203926
16.3592
0.0202909
16.3783
0.0201897
16.3974
0.020089
16.4164
0.0199888
16.4352
0.0198891
16.454
0.0197899
16.4727
0.0196912
16.4913
0.019593
16.5098
0.0194952
16.5282
0.019398
16.5465
0.0193013
16.5647
0.019205
16.5829
0.0191092
16.6009
0.0190139
16.6189
0.0189191
16.6367
0.0188247
16.6545
0.0187308
16.6722
0.0186374
16.6898
0.0185444
16.7073
0.018452
16.7247
0.0183599
16.742
0.0182684
16.7593
0.0181772
16.7764
0.0180866
16.7935
0.0179964
16.8105
0.0179066
16.8274
0.0178173
16.8442
0.0177284
16.861
0.01764
16.8776
0.017552
16.8942
0.0174645
16.9107
0.0173774
16.9271
0.0172907
16.9434
0.0172045
16.9596
0.0171187
16.9758
0.0170333
16.9919
0.0169483
17.0079
0.0168638
17.0238
0.0167797
17.0397
0.016696
17.0554
0.0166127
17.0711
0.0165299
17.0867
0.0164474
17.1022
0.0163654
17.1177
0.0162838
17.1331
0.0162026
17.1483
0.0161218
17.1636
0.0160414
17.1787
0.0159614
17.1938
0.0158817
17.2088
0.0158025
17.2237
0.0157237
17.2385
0.0156453
17.2533
0.0155673
17.268
0.0154896
17.2826
0.0154124
17.2972
0.0153355
17.3117
0.015259
17.3261
0.0151829
17.3404
0.0151072
17.3547
0.0150318
17.3689
0.0149569
17.383
0.0148823
17.397
0.014808
17.411
0.0147342
17.4249
0.0146607
17.4388
0.0145876
17.4525
0.0145148
17.4662
0.0144424
17.4799
0.0143704
17.4934
0.0142987
17.5069
0.0142274
17.5204
0.0141564
17.5337
0.0140858
17.547
0.0140156
17.5603
0.0139457
17.5734
0.0138761
17.5865
0.0138069
17.5996
0.0137381
17.6125
0.0136695
17.6254
0.0136014
17.6383
0.0135335
17.651
0.013466
17.6638
0.0133989
17.6764
0.013332
17.689
0.0132655
17.7015
0.0131994
17.714
0.0131336
17.7264
0.013068
17.7387
0.0130029
17.751
0.012938
17.7632
0.0128735
17.7754
0.0128093
17.7875
0.0127454
17.7995
0.0126818
17.8115
0.0126186
17.8234
0.0125556
17.8352
0.012493
17.847
0.0124307
17.8588
0.0123687
17.8704
0.012307
17.8821
0.0122456
17.8936
0.0121846
17.9051
0.0121238
17.9166
0.0120633
17.9279
0.0120032
17.9393
0.0119433
17.9506
0.0118837
17.9618
0.0118245
17.9729
0.0117655
17.984
0.0117068
17.9951
0.0116484
18.0061
0.0115903
18.017
0.0115325
18.0279
0.011475
18.0388
0.0114178
18.0495
0.0113608
18.0603
0.0113042
18.0709
0.0112478
18.0816
0.0111917
18.0921
0.0111359
18.1026
0.0110803
18.1131
0.0110251
18.1235
0.0109701
18.1339
0.0109154
18.1442
0.0108609
18.1544
0.0108067
18.1646
0.0107528
18.1748
0.0106992
18.1849
0.0106459
18.1949
0.0105928
18.2049
0.0105399
18.2149
0.0104874
18.2248
0.010435
18.2346
0.010383
18.2444
0.0103312
18.2542
0.0102797
18.2639
0.0102284
18.2735
0.0101774
18.2832
0.0101266
18.2927
0.0100761
18.3022
0.0100259
18.3117
0.00997588
18.3211
0.00992613
18.3305
0.00987662
18.3398
0.00982736
18.3491
0.00977834
18.3583
0.00972957
18.3675
0.00968105
18.3766
0.00963276
18.3857
0.00958472
18.3948
0.00953692
18.4038
0.00948935
18.4127
0.00944202
18.4217
0.00939493
18.4305
0.00934807
18.4394
0.00930145
18.4481
0.00925506
18.4569
0.0092089
18.4656
0.00916297
18.4742
0.00911727
18.4828
0.0090718
18.4914
0.00902655
18.4999
0.00898153
18.5084
0.00893673
18.5168
0.00889216
18.5252
0.00884781
18.5336
0.00880368
18.5419
0.00875977
18.5502
0.00871609
18.5584
0.00867261
18.5666
0.00862936
18.5747
0.00858632
18.5828
0.0085435
18.5909
0.00850088
18.5989
0.00845849
18.6069
0.0084163
18.6148
0.00837432
18.6228
0.00833256
18.6306
0.008291
18.6384
0.00824965
18.6462
0.0082085
18.654
0.00816756
18.6617
0.00812682
18.6694
0.00808629
18.677
0.00804596
18.6846
0.00800583
18.6922
0.0079659
18.6997
0.00792617
18.7072
0.00788664
18.7146
0.00784731
18.722
0.00780817
18.7294
0.00776922
18.7367
0.00773047
18.744
0.00769192
18.7513
0.00765355
18.7585
0.00761538
18.7657
0.0075774
18.7728
0.00753961
18.78
0.007502
18.787
0.00746459
18.7941
0.00742736
18.8011
0.00739031
18.8081
0.00735345
18.815
0.00731678
18.8219
0.00728029
18.8288
0.00724398
18.8356
0.00720785
18.8424
0.0071719
18.8492
0.00713613
18.856
0.00710054
18.8627
0.00706512
18.8693
0.00702988
18.876
0.00699482
18.8826
0.00695994
18.8891
0.00692522
18.8957
0.00689068
18.9022
0.00685632
18.9087
0.00682212
18.9151
0.00678809
18.9215
0.00675424
18.9279
0.00672055
18.9342
0.00668703
18.9405
0.00665368
18.9468
0.0066205
18.9531
0.00658748
18.9593
0.00655462
18.9655
0.00652193
18.9716
0.0064894
18.9778
0.00645703
18.9839
0.00642483
18.9899
0.00639279
18.996
0.0063609
19.002
0.00632918
19.0079
0.00629761
19.0139
0.0062662
19.0198
0.00623495
19.0257
0.00620385
19.0315
0.00617291
19.0374
0.00614212
19.0432
0.00611149
19.0489
0.00608101
19.0547
0.00605068
19.0604
0.0060205
19.0661
0.00599047
19.0717
0.00596059
19.0774
0.00593087
19.083
0.00590129
19.0885
0.00587185
19.0941
0.00584257
19.0996
0.00581343
19.1051
0.00578443
19.1105
0.00575558
19.116
0.00572688
19.1214
0.00569831
19.1268
0.00566989
19.1321
0.00564161
19.1374
0.00561348
19.1427
0.00558548
19.148
0.00555762
19.1533
0.0055299
19.1585
0.00550232
19.1637
0.00547488
19.1688
0.00544757
19.174
0.0054204
19.1791
0.00539337
19.1842
0.00536647
19.1893
0.0053397
19.1943
0.00531307
19.1993
0.00528657
19.2043
0.00526021
19.2093
0.00523397
19.2142
0.00520787
19.2191
0.00518189
19.224
0.00515605
19.2289
0.00513033
19.2337
0.00510474
19.2386
0.00507928
19.2433
0.00505395
19.2481
0.00502874
19.2529
0.00500366
19.2576
0.00497871
19.2623
0.00495388
19.267
0.00492917
19.2716
0.00490458
19.2763
0.00488012
19.2809
0.00485578
19.2854
0.00483156
19.29
0.00480747
19.2945
0.00478349
19.2991
0.00475963
19.3036
0.00473589
19.308
0.00471227
19.3125
0.00468877
19.3169
0.00466538
19.3213
0.00464212
19.3257
0.00461896
19.33
0.00459593
19.3344
0.004573
19.3387
0.0045502
19.343
0.0045275
19.3473
0.00450492
19.3515
0.00448245
19.3558
0.0044601
19.36
0.00443785
19.3642
0.00441572
19.3683
0.00439369
19.3725
0.00437178
19.3766
0.00434998
19.3807
0.00432828
19.3848
0.00430669
19.3889
0.00428521
19.3929
0.00426384
19.3969
0.00424257
19.4009
0.00422141
19.4049
0.00420036
19.4089
0.00417941
19.4128
0.00415857
19.4168
0.00413782
19.4207
0.00411719
19.4246
0.00409665
19.4284
0.00407622
19.4323
0.00405589
19.4361
0.00403566
19.4399
0.00401553
19.4437
0.00399551
19.4475
0.00397558
19.4512
0.00395575
19.455
0.00393602
19.4587
0.00391639
19.4624
0.00389686
19.4661
0.00387742
19.4697
0.00385808
19.4734
0.00383884
19.477
0.00381969
19.4806
0.00380064
19.4842
0.00378169
19.4877
0.00376283
19.4913
0.00374406
19.4948
0.00372538
19.4983
0.0037068
19.5018
0.00368832
19.5053
0.00366992
19.5088
0.00365162
19.5122
0.0036334
19.5157
0.00361528
19.5191
0.00359725
19.5225
0.00357931
19.5259
0.00356146
19.5292
0.0035437
19.5326
0.00352602
19.5359
0.00350844
19.5392
0.00349094
19.5425
0.00347353
19.5458
0.0034562
19.549
0.00343896
19.5523
0.00342181
19.5555
0.00340475
19.5587
0.00338776
19.5619
0.00337087
19.5651
0.00335406
19.5683
0.00333733
19.5714
0.00332068
19.5746
0.00330412
19.5777
0.00328764
19.5808
0.00327124
19.5839
0.00325493
19.587
0.00323869
19.59
0.00322254
19.5931
0.00320647
19.5961
0.00319048
19.5991
0.00317456
19.6021
0.00315873
19.6051
0.00314298
19.608
0.0031273
19.611
0.0031117
19.6139
0.00309618
19.6169
0.00308074
19.6198
0.00306538
19.6227
0.00305009
19.6255
0.00303487
19.6284
0.00301974
19.6313
0.00300468
19.6341
0.00298969
19.6369
0.00297478
19.6397
0.00295994
19.6425
0.00294518
19.6453
0.00293049
19.6481
0.00291588
19.6508
0.00290133
19.6536
0.00288686
19.6563
0.00287246
19.659
0.00285814
19.6617
0.00284388
19.6644
0.0028297
19.667
0.00281559
19.6697
0.00280154
19.6723
0.00278757
19.675
0.00277367
19.6776
0.00275983
19.6802
0.00274607
19.6828
0.00273237
19.6854
0.00271874
19.6879
0.00270518
19.6905
0.00269169
19.693
0.00267827
19.6956
0.00266491
19.6981
0.00265162
19.7006
0.00263839
19.7031
0.00262523
19.7056
0.00261214
19.708
0.00259911
19.7105
0.00258615
19.7129
0.00257325
19.7153
0.00256042
19.7178
0.00254765
19.7202
0.00253494
19.7226
0.0025223
19.7249
0.00250972
19.7273
0.0024972
19.7297
0.00248475
19.732
0.00247235
19.7343
0.00246002
19.7367
0.00244775
19.739
0.00243554
19.7413
0.0024234
19.7436
0.00241131
19.7458
0.00239928
19.7481
0.00238732
19.7504
0.00237541
19.7526
0.00236356
19.7548
0.00235177
19.7571
0.00234005
19.7593
0.00232837
19.7615
0.00231676
19.7637
0.00230521
19.7658
0.00229371
19.768
0.00228227
19.7701
0.00227089
19.7723
0.00225956
19.7744
0.00224829
19.7765
0.00223708
19.7787
0.00222592
19.7808
0.00221482
19.7829
0.00220377
19.7849
0.00219278
19.787
0.00218184
19.7891
0.00217096
19.7911
0.00216013
19.7932
0.00214936
19.7952
0.00213864
19.7972
0.00212797
19.7992
0.00211736
19.8012
0.0021068
19.8032
0.00209629
19.8052
0.00208584
19.8071
0.00207543
19.8091
0.00206508
19.8111
0.00205478
19.813
0.00204453
19.8149
0.00203434
19.8168
0.00202419
19.8188
0.0020141
19.8207
0.00200405
19.8226
0.00199405
19.8244
0.00198411
19.8263
0.00197421
19.8282
0.00196437
19.83
0.00195457
19.8319
0.00194482
19.8337
0.00193512
19.8355
0.00192547
19.8374
0.00191587
19.8392
0.00190631
19.841
0.0018968
19.8427
0.00188734
19.8445
0.00187793
19.8463
0.00186856
19.8481
0.00185924
19.8498
0.00184997
19.8516
0.00184074
19.8533
0.00183156
19.855
0.00182243
19.8568
0.00181334
19.8585
0.0018043
19.8602
0.0017953
19.8619
0.00178634
19.8636
0.00177743
19.8652
0.00176857
19.8669
0.00175975
19.8686
0.00175097
19.8702
0.00174224
19.8719
0.00173355
19.8735
0.0017249
19.8751
0.0017163
19.8767
0.00170774
19.8784
0.00169922
19.88
0.00169075
19.8816
0.00168231
19.8831
0.00167392
19.8847
0.00166557
19.8863
0.00165727
19.8879
0.001649
19.8894
0.00164078
19.891
0.00163259
19.8925
0.00162445
19.894
0.00161635
19.8956
0.00160829
19.8971
0.00160027
19.8986
0.00159229
19.9001
0.00158434
19.9016
0.00157644
19.9031
0.00156858
19.9046
0.00156076
19.906
0.00155297
19.9075
0.00154523
19.909
0.00153752
19.9104
0.00152985
19.9119
0.00152222
19.9133
0.00151463
19.9147
0.00150707
19.9162
0.00149956
19.9176
0.00149208
19.919
0.00148464
19.9204
0.00147723
19.9218
0.00146986
19.9232
0.00146253
19.9245
0.00145524
19.9259
0.00144798
19.9273
0.00144076
19.9286
0.00143357
19.93
0.00142642
19.9313
0.00141931
19.9327
0.00141223
19.934
0.00140519
19.9353
0.00139818
19.9367
0.0013912
19.938
0.00138427
19.9393
0.00137736
19.9406
0.00137049
19.9419
0.00136366
19.9432
0.00135686
19.9444
0.00135009
19.9457
0.00134335
19.947
0.00133665
19.9482
0.00132999
19.9495
0.00132336
19.9508
0.00131675
19.952
0.00131019
19.9532
0.00130365
19.9545
0.00129715
19.9557
0.00129068
19.9569
0.00128424
19.9581
0.00127784
19.9593
0.00127147
19.9605
0.00126512
19.9617
0.00125881
19.9629
0.00125254
19.9641
0.00124629
19.9653
0.00124007
19.9664
0.00123389
19.9676
0.00122773
19.9688
0.00122161
19.9699
0.00121552
19.9711
0.00120946
19.9722
0.00120342
19.9733
0.00119742
19.9745
0.00119145
19.9756
0.00118551
19.9767
0.00117959
19.9778
0.00117371
19.9789
0.00116786
19.98
0.00116203
19.9811
0.00115624
19.9822
0.00115047
19.9833
0.00114473
19.9844
0.00113902
19.9855
0.00113334
19.9865
0.00112769
19.9876
0.00112206
19.9887
0.00111647
19.9897
0.0011109
19.9908
0.00110536
19.9918
0.00109985
19.9929
0.00109436
19.9939
0.0010889
19.9949
0.00108347
19.9959
0.00107807
19.997
0.00107269
19.998
0.00106734
19.999
0.00106202
20
0.00105672
20.001
0.00105145
0
0.00104621
0
0.00104099
0.100748
0.0010358
0.200993
0.00103063
0.300739
0.00102549
0.399987
0.00102037
0.49874
0.00101529
0.597
0.00101022
0.694771
0.00100518
0.792053
0.00100017
0.888851
0.000995182
0.985166
0.000990218
1.081
0.00098528
1.17636
0.000980366
1.27124
0.100975
1.36564
0.100472
1.45958
0.0999708
1.55305
0.0994721
1.64605
0.098976
1.73859
0.0984824
1.83067
0.0979912
1.92228
0.0975025
2.01344
0.0970162
2.10415
0.0965323
2.1944
0.0960508
2.28421
0.0955718
2.37356
0.0950951
2.46247
0.0946208
2.55094
0.0941489
2.63896
0.0936793
2.72655
0.0932121
2.8137
0.0927472
2.90041
0.0922846
2.9867
0.0918244
