1000 0
1001 0
1002 0
1003 0
1004 0
1005 0
1006 0
1007 0
1008 0
1009 0
1010 0
1011 0
1012 0
1013 0
1014 0
1015 0
1016 0
1017 0
1018 0
1019 0
1020 0
1021 0
1022 0
1023 0
1024 0
1025 0
1026 0
1027 0
1028 0
1029 0
1030 0
1031 0
1032 0
1033 0
1034 0
1035 0
1036 0
1037 0
1038 0
1039 0
1040 0
1041 0
1042 0
1043 0
1044 0
1045 0
1046 0
1047 0
1048 0
1049 0
1050 0
1051 0
1052 0
1053 0
1054 0
1055 0
1056 0
1057 0
1058 0
1059 0
1060 0
1061 10
1062 10
1063 0
1064 20
1065 40
1066 80
1067 140
1068 250
1069 340
1070 680
1071 990
1072 1590
1073 1860
1074 2910
1075 3630
1076 4790
1077 5280
1078 5990
1079 7350
1080 6940
1081 6880
1082 6010
1083 4910
1084 3400
1085 2140
1086 800
1087 190
1088 0
1089 0
1090 0
1091 0
1092 0
1093 0
1094 0
1095 0
1096 0
1097 0
1098 0
1099 0
1100 0
1101 0
1102 0
1103 0
1104 0
1105 0
1106 0
1107 0
1108 0
1109 0
1110 0
1111 0
1112 0
1113 0
1114 0
1115 0
1116 0
1117 0
1118 0
1119 0
1120 0
1121 0
1122 0
1123 0
1124 0
1125 0
1126 0
1127 0
1128 0
1129 0
1130 0
1131 0
1132 0
1133 0
1134 0
1135 0
1136 0
1137 0
1138 0
1139 0
1140 0
1141 0
1142 0
1143 0
1144 0
1145 0
1146 0
1147 0
1148 0
1149 0
1150 0
1151 0
1152 0
1153 0
1154 0
1155 0
1156 0
1157 0
1158 0
1159 0
1160 0
1161 0
1162 0
1163 0
1164 0
1165 0
1166 0
1167 0
1168 0
1169 0
1170 0
1171 0
1172 0
1173 0
1174 0
1175 0
1176 0
1177 0
1178 0
1179 0
1180 0
1181 0
1182 0
1183 0
1184 0
1185 0
1186 0
1187 0
1188 0
1189 0
1190 0
1191 0
1192 0
1193 0
1194 0
1195 0
1196 0
1197 0
1198 0
1199 0
1200 0
1201 0
1202 0
1203 0
1204 0
1205 0
1206 0
1207 0
1208 0
1209 0
1210 0
1211 0
1212 0
1213 0
1214 0
1215 0
1216 0
1217 0
1218 0
1219 0
1220 0
1221 0
1222 0
1223 0
1224 0
1225 0
1226 0
1227 0
1228 0
1229 0
1230 0
1231 0
1232 0
1233 0
1234 20
1235 0
1236 0
1237 0
1238 0
1239 10
1240 0
1241 0
1242 0
1243 10
1244 10
1245 0
1246 0
1247 0
1248 60
1249 30
1250 30
1251 10
1252 10
1253 30
1254 60
1255 90
1256 60
1257 80
1258 80
1259 110
1260 130
1261 170
1262 140
1263 180
1264 210
1265 130
1266 230
1267 140
1268 220
1269 220
1270 190
1271 200
1272 210
1273 350
1274 380
1275 430
1276 350
1277 200
1278 250
1279 300
1280 200
1281 180
1282 240
1283 240
1284 190
1285 170
1286 190
1287 180
1288 160
1289 150
1290 70
1291 40
1292 40
1293 50
1294 90
1295 70
1296 80
1297 50
1298 40
1299 120
1300 70
1301 80
1302 150
1303 120
1304 90
1305 110
1306 210
1307 180
1308 210
1309 260
1310 300
1311 240
1312 310
1313 260
1314 350
1315 400
1316 480
1317 420
1318 370
1319 420
1320 460
1321 740
1322 440
1323 460
1324 330
1325 300
1326 270
1327 190
1328 190
1329 200
1330 150
1331 50
1332 140
1333 70
1334 90
1335 40
1336 50
1337 20
1338 20
1339 0
1340 20
1341 20
1342 20
1343 10
1344 0
1345 20
1346 40
1347 40
1348 40
1349 40
1350 50
1351 40
1352 80
1353 90
1354 150
1355 310
1356 330
1357 340
1358 370
1359 500
1360 360
1361 510
1362 580
1363 570
1364 660
1365 540
1366 640
1367 790
1368 750
1369 760
1370 720
1371 470
1372 330
1373 290
1374 230
1375 170
1376 140
1377 50
1378 40
1379 30
1380 60
1381 20
1382 30
1383 10
1384 0
1385 0
1386 10
1387 0
1388 0
1389 0
1390 0
1391 0
1392 0
1393 10
1394 10
1395 0
1396 0
1397 20
1398 40
1399 50
1400 70
1401 30
1402 120
1403 70
1404 130
1405 140
1406 130
1407 190
1408 230
1409 240
1410 330
1411 410
1412 440
1413 340
1414 560
1415 550
1416 510
1417 650
1418 550
1419 510
1420 670
1421 520
1422 530
1423 520
1424 440
1425 330
1426 340
1427 230
1428 80
1429 90
1430 50
1431 30
1432 20
1433 10
1434 30
1435 0
1436 0
1437 20
1438 30
1439 0
1440 0
1441 20
1442 10
1443 10
1444 0
1445 10
1446 0
1447 10
1448 0
1449 40
1450 20
1451 90
1452 50
1453 70
1454 90
1455 120
1456 150
1457 230
1458 170
1459 350
1460 140
1461 440
1462 480
1463 450
1464 690
1465 650
1466 630
1467 670
1468 780
1469 740
1470 590
1471 630
1472 610
1473 510
1474 410
1475 360
1476 380
1477 290
1478 190
1479 150
1480 50
1481 10
1482 40
1483 10
1484 0
1485 0
1486 0
1487 0
1488 20
1489 0
1490 0
1491 0
1492 0
1493 0
1494 0
1495 20
1496 0
1497 0
1498 0
1499 20
1500 20
1501 10
1502 40
1503 50
1504 50
1505 120
1506 110
1507 140
1508 180
1509 150
1510 150
1511 240
1512 310
1513 190
1514 260
1515 250
1516 530
